-16776961
-16776961
-16776961
-16776961
-20561
-16777216
-16776961
-16776961
-16776961
-16776961
-20561
-20561
-20561
-20561
-20561
-20561
-20561
-16777216
-16777216
-20561
-16776961
-16776961
-16776961
-20561
-20561
-20561
-16776961
-16776961
-16776961
-16776961
-16776961
-16776961
-16776961
-16776961
-20561
-20561
-16776961
-16776961
-16776961
-16776961
-20561
-16776961
-16776961
-16776961
-20561
-20561
-16776961
-16776961
-16776961
-16776961
-16776961
-16776961
-16776961
-16776961
-16777216
-20561
-16776961
-16776961
-16776961
-16776961
-16776961
-16776961
-16776961
-16776961
-20561
-20561
-16776961
-16776961
-16776961
-16776961
-16776961
-16776961
-16776961
-16776961
-20561
-20561
-16776961
-16776961
-16776961
-16776961
-16776961
-16776961
-16776961
-16776961
-20561
-20561
-16776961
-16776961
-16776961
-16776961
-16776961
-16776961
-16776961
-16776961
-20561
-20561
-16776961
-16776961
-16776961
-16776961
